       -0.1000E+02        0.0000E+00
       -0.9993E+01        0.0000E+00
       -0.9986E+01        0.0000E+00
       -0.9979E+01        0.0000E+00
       -0.9972E+01        0.0000E+00
       -0.9965E+01        0.0000E+00
       -0.9958E+01        0.0000E+00
       -0.9951E+01        0.0000E+00
       -0.9944E+01        0.0000E+00
       -0.9937E+01        0.0000E+00
       -0.9930E+01        0.0000E+00
       -0.9923E+01        0.0000E+00
       -0.9916E+01        0.0000E+00
       -0.9909E+01        0.0000E+00
       -0.9902E+01        0.0000E+00
       -0.9895E+01        0.0000E+00
       -0.9888E+01        0.0000E+00
       -0.9881E+01        0.0000E+00
       -0.9874E+01        0.0000E+00
       -0.9867E+01        0.0000E+00
       -0.9860E+01        0.0000E+00
       -0.9853E+01        0.0000E+00
       -0.9846E+01        0.0000E+00
       -0.9839E+01        0.0000E+00
       -0.9832E+01        0.0000E+00
       -0.9825E+01        0.0000E+00
       -0.9818E+01        0.0000E+00
       -0.9811E+01        0.0000E+00
       -0.9804E+01        0.0000E+00
       -0.9797E+01        0.0000E+00
       -0.9790E+01        0.0000E+00
       -0.9783E+01        0.0000E+00
       -0.9776E+01        0.0000E+00
       -0.9769E+01        0.0000E+00
       -0.9762E+01        0.0000E+00
       -0.9755E+01        0.0000E+00
       -0.9748E+01        0.0000E+00
       -0.9741E+01        0.0000E+00
       -0.9734E+01        0.0000E+00
       -0.9727E+01        0.0000E+00
       -0.9720E+01        0.0000E+00
       -0.9713E+01        0.0000E+00
       -0.9706E+01        0.0000E+00
       -0.9699E+01        0.0000E+00
       -0.9692E+01        0.0000E+00
       -0.9685E+01        0.0000E+00
       -0.9678E+01        0.0000E+00
       -0.9671E+01        0.0000E+00
       -0.9664E+01        0.0000E+00
       -0.9657E+01        0.0000E+00
       -0.9650E+01        0.0000E+00
       -0.9643E+01        0.0000E+00
       -0.9636E+01        0.0000E+00
       -0.9629E+01        0.0000E+00
       -0.9622E+01        0.0000E+00
       -0.9615E+01        0.0000E+00
       -0.9608E+01        0.0000E+00
       -0.9601E+01        0.0000E+00
       -0.9594E+01        0.0000E+00
       -0.9587E+01        0.0000E+00
       -0.9580E+01        0.0000E+00
       -0.9573E+01        0.0000E+00
       -0.9566E+01        0.0000E+00
       -0.9559E+01        0.0000E+00
       -0.9552E+01        0.0000E+00
       -0.9545E+01        0.0000E+00
       -0.9538E+01        0.0000E+00
       -0.9531E+01        0.0000E+00
       -0.9524E+01        0.0000E+00
       -0.9517E+01        0.0000E+00
       -0.9510E+01        0.0000E+00
       -0.9503E+01        0.0000E+00
       -0.9496E+01        0.0000E+00
       -0.9489E+01        0.0000E+00
       -0.9482E+01        0.0000E+00
       -0.9475E+01        0.0000E+00
       -0.9468E+01        0.0000E+00
       -0.9461E+01        0.0000E+00
       -0.9454E+01        0.0000E+00
       -0.9447E+01        0.0000E+00
       -0.9440E+01        0.0000E+00
       -0.9433E+01        0.0000E+00
       -0.9426E+01        0.0000E+00
       -0.9419E+01        0.0000E+00
       -0.9412E+01        0.0000E+00
       -0.9405E+01        0.0000E+00
       -0.9398E+01        0.0000E+00
       -0.9391E+01        0.0000E+00
       -0.9384E+01        0.0000E+00
       -0.9377E+01        0.0000E+00
       -0.9370E+01        0.0000E+00
       -0.9363E+01        0.0000E+00
       -0.9356E+01        0.0000E+00
       -0.9349E+01        0.0000E+00
       -0.9342E+01        0.0000E+00
       -0.9335E+01        0.0000E+00
       -0.9328E+01        0.0000E+00
       -0.9321E+01        0.0000E+00
       -0.9314E+01        0.0000E+00
       -0.9307E+01        0.0000E+00
       -0.9300E+01        0.0000E+00
       -0.9293E+01        0.0000E+00
       -0.9286E+01        0.0000E+00
       -0.9279E+01        0.0000E+00
       -0.9272E+01        0.0000E+00
       -0.9265E+01        0.0000E+00
       -0.9258E+01        0.0000E+00
       -0.9251E+01        0.0000E+00
       -0.9244E+01        0.0000E+00
       -0.9237E+01        0.0000E+00
       -0.9230E+01        0.0000E+00
       -0.9223E+01        0.0000E+00
       -0.9216E+01        0.0000E+00
       -0.9209E+01        0.0000E+00
       -0.9202E+01        0.0000E+00
       -0.9195E+01        0.0000E+00
       -0.9188E+01        0.0000E+00
       -0.9181E+01        0.0000E+00
       -0.9174E+01        0.0000E+00
       -0.9167E+01        0.0000E+00
       -0.9160E+01        0.0000E+00
       -0.9153E+01        0.0000E+00
       -0.9146E+01        0.0000E+00
       -0.9139E+01        0.0000E+00
       -0.9132E+01        0.0000E+00
       -0.9125E+01        0.0000E+00
       -0.9118E+01        0.0000E+00
       -0.9111E+01        0.0000E+00
       -0.9104E+01        0.0000E+00
       -0.9097E+01        0.0000E+00
       -0.9090E+01        0.0000E+00
       -0.9083E+01        0.0000E+00
       -0.9076E+01        0.0000E+00
       -0.9069E+01        0.0000E+00
       -0.9062E+01        0.0000E+00
       -0.9055E+01        0.0000E+00
       -0.9048E+01        0.0000E+00
       -0.9041E+01        0.0000E+00
       -0.9034E+01        0.0000E+00
       -0.9027E+01        0.0000E+00
       -0.9020E+01        0.0000E+00
       -0.9013E+01        0.0000E+00
       -0.9006E+01        0.0000E+00
       -0.8998E+01        0.0000E+00
       -0.8991E+01        0.0000E+00
       -0.8984E+01        0.0000E+00
       -0.8977E+01        0.0000E+00
       -0.8970E+01        0.0000E+00
       -0.8963E+01        0.0000E+00
       -0.8956E+01        0.0000E+00
       -0.8949E+01        0.0000E+00
       -0.8942E+01        0.0000E+00
       -0.8935E+01        0.0000E+00
       -0.8928E+01        0.0000E+00
       -0.8921E+01        0.0000E+00
       -0.8914E+01        0.0000E+00
       -0.8907E+01        0.0000E+00
       -0.8900E+01        0.0000E+00
       -0.8893E+01        0.0000E+00
       -0.8886E+01        0.0000E+00
       -0.8879E+01        0.0000E+00
       -0.8872E+01        0.0000E+00
       -0.8865E+01        0.0000E+00
       -0.8858E+01        0.0000E+00
       -0.8851E+01        0.0000E+00
       -0.8844E+01        0.0000E+00
       -0.8837E+01        0.0000E+00
       -0.8830E+01        0.0000E+00
       -0.8823E+01        0.0000E+00
       -0.8816E+01        0.0000E+00
       -0.8809E+01        0.0000E+00
       -0.8802E+01        0.0000E+00
       -0.8795E+01        0.0000E+00
       -0.8788E+01        0.0000E+00
       -0.8781E+01        0.0000E+00
       -0.8774E+01        0.0000E+00
       -0.8767E+01        0.0000E+00
       -0.8760E+01        0.0000E+00
       -0.8753E+01        0.0000E+00
       -0.8746E+01        0.0000E+00
       -0.8739E+01        0.0000E+00
       -0.8732E+01        0.0000E+00
       -0.8725E+01        0.0000E+00
       -0.8718E+01        0.0000E+00
       -0.8711E+01        0.0000E+00
       -0.8704E+01        0.0000E+00
       -0.8697E+01        0.0000E+00
       -0.8690E+01        0.0000E+00
       -0.8683E+01        0.0000E+00
       -0.8676E+01        0.0000E+00
       -0.8669E+01        0.0000E+00
       -0.8662E+01        0.0000E+00
       -0.8655E+01        0.0000E+00
       -0.8648E+01        0.0000E+00
       -0.8641E+01        0.0000E+00
       -0.8634E+01        0.0000E+00
       -0.8627E+01        0.0000E+00
       -0.8620E+01        0.0000E+00
       -0.8613E+01        0.0000E+00
       -0.8606E+01        0.0000E+00
       -0.8599E+01        0.0000E+00
       -0.8592E+01        0.0000E+00
       -0.8585E+01        0.0000E+00
       -0.8578E+01        0.0000E+00
       -0.8571E+01        0.0000E+00
       -0.8564E+01        0.0000E+00
       -0.8557E+01        0.0000E+00
       -0.8550E+01        0.0000E+00
       -0.8543E+01        0.0000E+00
       -0.8536E+01        0.0000E+00
       -0.8529E+01        0.0000E+00
       -0.8522E+01        0.0000E+00
       -0.8515E+01        0.0000E+00
       -0.8508E+01        0.0000E+00
       -0.8501E+01        0.0000E+00
       -0.8494E+01        0.0000E+00
       -0.8487E+01        0.0000E+00
       -0.8480E+01        0.0000E+00
       -0.8473E+01        0.0000E+00
       -0.8466E+01        0.0000E+00
       -0.8459E+01        0.0000E+00
       -0.8452E+01        0.0000E+00
       -0.8445E+01        0.0000E+00
       -0.8438E+01        0.0000E+00
       -0.8431E+01        0.0000E+00
       -0.8424E+01        0.0000E+00
       -0.8417E+01        0.0000E+00
       -0.8410E+01        0.0000E+00
       -0.8403E+01        0.0000E+00
       -0.8396E+01        0.0000E+00
       -0.8389E+01        0.0000E+00
       -0.8382E+01        0.0000E+00
       -0.8375E+01        0.0000E+00
       -0.8368E+01        0.0000E+00
       -0.8361E+01        0.0000E+00
       -0.8354E+01        0.0000E+00
       -0.8347E+01        0.0000E+00
       -0.8340E+01        0.0000E+00
       -0.8333E+01        0.0000E+00
       -0.8326E+01        0.0000E+00
       -0.8319E+01        0.0000E+00
       -0.8312E+01        0.0000E+00
       -0.8305E+01        0.0000E+00
       -0.8298E+01        0.0000E+00
       -0.8291E+01        0.0000E+00
       -0.8284E+01        0.0000E+00
       -0.8277E+01        0.0000E+00
       -0.8270E+01        0.0000E+00
       -0.8263E+01        0.0000E+00
       -0.8256E+01        0.0000E+00
       -0.8249E+01        0.0000E+00
       -0.8242E+01        0.0000E+00
       -0.8235E+01        0.0000E+00
       -0.8228E+01        0.0000E+00
       -0.8221E+01        0.0000E+00
       -0.8214E+01        0.0000E+00
       -0.8207E+01        0.0000E+00
       -0.8200E+01        0.0000E+00
       -0.8193E+01        0.0000E+00
       -0.8186E+01        0.0000E+00
       -0.8179E+01        0.0000E+00
       -0.8172E+01        0.0000E+00
       -0.8165E+01        0.0000E+00
       -0.8158E+01        0.0000E+00
       -0.8151E+01        0.0000E+00
       -0.8144E+01        0.0000E+00
       -0.8137E+01        0.0000E+00
       -0.8130E+01        0.0000E+00
       -0.8123E+01        0.0000E+00
       -0.8116E+01        0.0000E+00
       -0.8109E+01        0.0000E+00
       -0.8102E+01        0.0000E+00
       -0.8095E+01        0.0000E+00
       -0.8088E+01        0.0000E+00
       -0.8081E+01        0.0000E+00
       -0.8074E+01        0.0000E+00
       -0.8067E+01        0.0000E+00
       -0.8060E+01        0.0000E+00
       -0.8053E+01        0.0000E+00
       -0.8046E+01        0.0000E+00
       -0.8039E+01        0.0000E+00
       -0.8032E+01        0.0000E+00
       -0.8025E+01        0.0000E+00
       -0.8018E+01        0.0000E+00
       -0.8011E+01        0.0000E+00
       -0.8004E+01        0.0000E+00
       -0.7997E+01        0.0000E+00
       -0.7990E+01        0.0000E+00
       -0.7983E+01        0.0000E+00
       -0.7976E+01        0.0000E+00
       -0.7969E+01        0.0000E+00
       -0.7962E+01        0.0000E+00
       -0.7955E+01        0.0000E+00
       -0.7948E+01        0.0000E+00
       -0.7941E+01        0.0000E+00
       -0.7934E+01        0.0000E+00
       -0.7927E+01        0.0000E+00
       -0.7920E+01        0.0000E+00
       -0.7913E+01        0.0000E+00
       -0.7906E+01        0.0000E+00
       -0.7899E+01        0.0000E+00
       -0.7892E+01        0.0000E+00
       -0.7885E+01        0.0000E+00
       -0.7878E+01        0.0000E+00
       -0.7871E+01        0.0000E+00
       -0.7864E+01        0.0000E+00
       -0.7857E+01        0.0000E+00
       -0.7850E+01        0.0000E+00
       -0.7843E+01        0.0000E+00
       -0.7836E+01        0.0000E+00
       -0.7829E+01        0.0000E+00
       -0.7822E+01        0.0000E+00
       -0.7815E+01        0.0000E+00
       -0.7808E+01        0.0000E+00
       -0.7801E+01        0.0000E+00
       -0.7794E+01        0.0000E+00
       -0.7787E+01        0.0000E+00
       -0.7780E+01        0.0000E+00
       -0.7773E+01        0.0000E+00
       -0.7766E+01        0.0000E+00
       -0.7759E+01        0.0000E+00
       -0.7752E+01        0.0000E+00
       -0.7745E+01        0.0000E+00
       -0.7738E+01        0.0000E+00
       -0.7731E+01        0.0000E+00
       -0.7724E+01        0.0000E+00
       -0.7717E+01        0.0000E+00
       -0.7710E+01        0.0000E+00
       -0.7703E+01        0.0000E+00
       -0.7696E+01        0.0000E+00
       -0.7689E+01        0.0000E+00
       -0.7682E+01        0.0000E+00
       -0.7675E+01        0.0000E+00
       -0.7668E+01        0.0000E+00
       -0.7661E+01        0.0000E+00
       -0.7654E+01        0.0000E+00
       -0.7647E+01        0.0000E+00
       -0.7640E+01        0.0000E+00
       -0.7633E+01        0.0000E+00
       -0.7626E+01        0.0000E+00
       -0.7619E+01        0.0000E+00
       -0.7612E+01        0.0000E+00
       -0.7605E+01        0.0000E+00
       -0.7598E+01        0.0000E+00
       -0.7591E+01        0.0000E+00
       -0.7584E+01        0.0000E+00
       -0.7577E+01        0.0000E+00
       -0.7570E+01        0.0000E+00
       -0.7563E+01        0.0000E+00
       -0.7556E+01        0.0000E+00
       -0.7549E+01        0.0000E+00
       -0.7542E+01        0.0000E+00
       -0.7535E+01        0.0000E+00
       -0.7528E+01        0.0000E+00
       -0.7521E+01        0.0000E+00
       -0.7514E+01        0.0000E+00
       -0.7507E+01        0.0000E+00
       -0.7500E+01        0.0000E+00
       -0.7493E+01        0.0000E+00
       -0.7486E+01        0.0000E+00
       -0.7479E+01        0.0000E+00
       -0.7472E+01        0.0000E+00
       -0.7465E+01        0.0000E+00
       -0.7458E+01        0.0000E+00
       -0.7451E+01        0.0000E+00
       -0.7444E+01        0.0000E+00
       -0.7437E+01        0.0000E+00
       -0.7430E+01        0.0000E+00
       -0.7423E+01        0.0000E+00
       -0.7416E+01        0.0000E+00
       -0.7409E+01        0.0000E+00
       -0.7402E+01        0.0000E+00
       -0.7395E+01        0.0000E+00
       -0.7388E+01        0.0000E+00
       -0.7381E+01        0.0000E+00
       -0.7374E+01        0.0000E+00
       -0.7367E+01        0.0000E+00
       -0.7360E+01        0.0000E+00
       -0.7353E+01        0.0000E+00
       -0.7346E+01        0.0000E+00
       -0.7339E+01        0.0000E+00
       -0.7332E+01        0.0000E+00
       -0.7325E+01        0.0000E+00
       -0.7318E+01        0.0000E+00
       -0.7311E+01        0.0000E+00
       -0.7304E+01        0.0000E+00
       -0.7297E+01        0.0000E+00
       -0.7290E+01        0.0000E+00
       -0.7283E+01        0.0000E+00
       -0.7276E+01        0.0000E+00
       -0.7269E+01        0.0000E+00
       -0.7262E+01        0.0000E+00
       -0.7255E+01        0.0000E+00
       -0.7248E+01        0.0000E+00
       -0.7241E+01        0.0000E+00
       -0.7234E+01        0.0000E+00
       -0.7227E+01        0.0000E+00
       -0.7220E+01        0.0000E+00
       -0.7213E+01        0.0000E+00
       -0.7206E+01        0.0000E+00
       -0.7199E+01        0.0000E+00
       -0.7192E+01        0.0000E+00
       -0.7185E+01        0.0000E+00
       -0.7178E+01        0.0000E+00
       -0.7171E+01        0.0000E+00
       -0.7164E+01        0.0000E+00
       -0.7157E+01        0.0000E+00
       -0.7150E+01        0.0000E+00
       -0.7143E+01        0.0000E+00
       -0.7136E+01        0.0000E+00
       -0.7129E+01        0.0000E+00
       -0.7122E+01        0.0000E+00
       -0.7115E+01        0.0000E+00
       -0.7108E+01        0.0000E+00
       -0.7101E+01        0.0000E+00
       -0.7094E+01        0.0000E+00
       -0.7087E+01        0.0000E+00
       -0.7080E+01        0.0000E+00
       -0.7073E+01        0.0000E+00
       -0.7066E+01        0.0000E+00
       -0.7059E+01        0.0000E+00
       -0.7052E+01        0.0000E+00
       -0.7045E+01        0.0000E+00
       -0.7038E+01        0.0000E+00
       -0.7031E+01        0.0000E+00
       -0.7024E+01        0.0000E+00
       -0.7017E+01        0.0000E+00
       -0.7010E+01        0.0000E+00
       -0.7003E+01        0.0000E+00
       -0.6995E+01        0.0000E+00
       -0.6988E+01        0.0000E+00
       -0.6981E+01        0.0000E+00
       -0.6974E+01        0.0000E+00
       -0.6967E+01        0.0000E+00
       -0.6960E+01        0.0000E+00
       -0.6953E+01        0.0000E+00
       -0.6946E+01        0.0000E+00
       -0.6939E+01        0.0000E+00
       -0.6932E+01        0.0000E+00
       -0.6925E+01        0.0000E+00
       -0.6918E+01        0.0000E+00
       -0.6911E+01        0.0000E+00
       -0.6904E+01        0.0000E+00
       -0.6897E+01        0.0000E+00
       -0.6890E+01        0.0000E+00
       -0.6883E+01        0.0000E+00
       -0.6876E+01        0.0000E+00
       -0.6869E+01        0.0000E+00
       -0.6862E+01        0.0000E+00
       -0.6855E+01        0.0000E+00
       -0.6848E+01        0.0000E+00
       -0.6841E+01        0.0000E+00
       -0.6834E+01        0.0000E+00
       -0.6827E+01        0.0000E+00
       -0.6820E+01        0.0000E+00
       -0.6813E+01        0.0000E+00
       -0.6806E+01        0.0000E+00
       -0.6799E+01        0.0000E+00
       -0.6792E+01        0.0000E+00
       -0.6785E+01        0.0000E+00
       -0.6778E+01        0.0000E+00
       -0.6771E+01        0.0000E+00
       -0.6764E+01        0.0000E+00
       -0.6757E+01        0.0000E+00
       -0.6750E+01        0.0000E+00
       -0.6743E+01        0.0000E+00
       -0.6736E+01        0.0000E+00
       -0.6729E+01        0.0000E+00
       -0.6722E+01        0.0000E+00
       -0.6715E+01        0.0000E+00
       -0.6708E+01        0.0000E+00
       -0.6701E+01        0.0000E+00
       -0.6694E+01        0.0000E+00
       -0.6687E+01        0.0000E+00
       -0.6680E+01        0.0000E+00
       -0.6673E+01        0.0000E+00
       -0.6666E+01        0.0000E+00
       -0.6659E+01        0.0000E+00
       -0.6652E+01        0.0000E+00
       -0.6645E+01        0.0000E+00
       -0.6638E+01        0.0000E+00
       -0.6631E+01        0.0000E+00
       -0.6624E+01        0.0000E+00
       -0.6617E+01        0.0000E+00
       -0.6610E+01        0.0000E+00
       -0.6603E+01        0.0000E+00
       -0.6596E+01        0.0000E+00
       -0.6589E+01        0.0000E+00
       -0.6582E+01        0.0000E+00
       -0.6575E+01        0.0000E+00
       -0.6568E+01        0.0000E+00
       -0.6561E+01        0.0000E+00
       -0.6554E+01        0.0000E+00
       -0.6547E+01        0.0000E+00
       -0.6540E+01        0.0000E+00
       -0.6533E+01        0.0000E+00
       -0.6526E+01        0.0000E+00
       -0.6519E+01        0.0000E+00
       -0.6512E+01        0.0000E+00
       -0.6505E+01        0.0000E+00
       -0.6498E+01        0.0000E+00
       -0.6491E+01        0.0000E+00
       -0.6484E+01        0.0000E+00
       -0.6477E+01        0.0000E+00
       -0.6470E+01        0.0000E+00
       -0.6463E+01        0.0000E+00
       -0.6456E+01        0.0000E+00
       -0.6449E+01        0.0000E+00
       -0.6442E+01        0.0000E+00
       -0.6435E+01        0.0000E+00
       -0.6428E+01        0.0000E+00
       -0.6421E+01        0.0000E+00
       -0.6414E+01        0.0000E+00
       -0.6407E+01        0.0000E+00
       -0.6400E+01        0.0000E+00
       -0.6393E+01        0.0000E+00
       -0.6386E+01        0.0000E+00
       -0.6379E+01        0.0000E+00
       -0.6372E+01        0.0000E+00
       -0.6365E+01        0.0000E+00
       -0.6358E+01        0.0000E+00
       -0.6351E+01        0.0000E+00
       -0.6344E+01        0.0000E+00
       -0.6337E+01        0.0000E+00
       -0.6330E+01        0.0000E+00
       -0.6323E+01        0.0000E+00
       -0.6316E+01        0.0000E+00
       -0.6309E+01        0.0000E+00
       -0.6302E+01        0.0000E+00
       -0.6295E+01        0.0000E+00
       -0.6288E+01        0.0000E+00
       -0.6281E+01        0.0000E+00
       -0.6274E+01        0.0000E+00
       -0.6267E+01        0.0000E+00
       -0.6260E+01        0.0000E+00
       -0.6253E+01        0.0000E+00
       -0.6246E+01        0.0000E+00
       -0.6239E+01        0.0000E+00
       -0.6232E+01        0.0000E+00
       -0.6225E+01        0.0000E+00
       -0.6218E+01        0.0000E+00
       -0.6211E+01        0.0000E+00
       -0.6204E+01        0.0000E+00
       -0.6197E+01        0.0000E+00
       -0.6190E+01        0.0000E+00
       -0.6183E+01        0.0000E+00
       -0.6176E+01        0.0000E+00
       -0.6169E+01        0.0000E+00
       -0.6162E+01        0.0000E+00
       -0.6155E+01        0.0000E+00
       -0.6148E+01        0.0000E+00
       -0.6141E+01        0.0000E+00
       -0.6134E+01        0.0000E+00
       -0.6127E+01        0.0000E+00
       -0.6120E+01        0.0000E+00
       -0.6113E+01        0.0000E+00
       -0.6106E+01        0.0000E+00
       -0.6099E+01        0.0000E+00
       -0.6092E+01        0.0000E+00
       -0.6085E+01        0.0000E+00
       -0.6078E+01        0.0000E+00
       -0.6071E+01        0.0000E+00
       -0.6064E+01        0.0000E+00
       -0.6057E+01        0.0000E+00
       -0.6050E+01        0.0000E+00
       -0.6043E+01        0.0000E+00
       -0.6036E+01        0.0000E+00
       -0.6029E+01        0.0000E+00
       -0.6022E+01        0.0000E+00
       -0.6015E+01        0.0000E+00
       -0.6008E+01        0.0000E+00
       -0.6001E+01        0.0000E+00
       -0.5994E+01        0.0000E+00
       -0.5987E+01        0.0000E+00
       -0.5980E+01        0.0000E+00
       -0.5973E+01        0.0000E+00
       -0.5966E+01        0.0000E+00
       -0.5959E+01        0.0000E+00
       -0.5952E+01        0.0000E+00
       -0.5945E+01        0.0000E+00
       -0.5938E+01        0.0000E+00
       -0.5931E+01        0.0000E+00
       -0.5924E+01        0.0000E+00
       -0.5917E+01        0.0000E+00
       -0.5910E+01        0.0000E+00
       -0.5903E+01        0.0000E+00
       -0.5896E+01        0.0000E+00
       -0.5889E+01        0.0000E+00
       -0.5882E+01        0.0000E+00
       -0.5875E+01        0.0000E+00
       -0.5868E+01        0.0000E+00
       -0.5861E+01        0.0000E+00
       -0.5854E+01        0.0000E+00
       -0.5847E+01        0.0000E+00
       -0.5840E+01        0.0000E+00
       -0.5833E+01        0.0000E+00
       -0.5826E+01        0.0000E+00
       -0.5819E+01        0.0000E+00
       -0.5812E+01        0.0000E+00
       -0.5805E+01        0.0000E+00
       -0.5798E+01        0.0000E+00
       -0.5791E+01        0.0000E+00
       -0.5784E+01        0.0000E+00
       -0.5777E+01        0.0000E+00
       -0.5770E+01        0.0000E+00
       -0.5763E+01        0.0000E+00
       -0.5756E+01        0.0000E+00
       -0.5749E+01        0.0000E+00
       -0.5742E+01        0.0000E+00
       -0.5735E+01        0.0000E+00
       -0.5728E+01        0.0000E+00
       -0.5721E+01        0.0000E+00
       -0.5714E+01        0.0000E+00
       -0.5707E+01        0.0000E+00
       -0.5700E+01        0.0000E+00
       -0.5693E+01        0.0000E+00
       -0.5686E+01        0.0000E+00
       -0.5679E+01        0.0000E+00
       -0.5672E+01        0.0000E+00
       -0.5665E+01        0.0000E+00
       -0.5658E+01        0.0000E+00
       -0.5651E+01        0.0000E+00
       -0.5644E+01        0.0000E+00
       -0.5637E+01        0.0000E+00
       -0.5630E+01        0.0000E+00
       -0.5623E+01        0.0000E+00
       -0.5616E+01        0.0000E+00
       -0.5609E+01        0.0000E+00
       -0.5602E+01        0.0000E+00
       -0.5595E+01        0.0000E+00
       -0.5588E+01        0.0000E+00
       -0.5581E+01        0.0000E+00
       -0.5574E+01        0.0000E+00
       -0.5567E+01        0.0000E+00
       -0.5560E+01        0.0000E+00
       -0.5553E+01        0.0000E+00
       -0.5546E+01        0.0000E+00
       -0.5539E+01        0.0000E+00
       -0.5532E+01        0.0000E+00
       -0.5525E+01        0.0000E+00
       -0.5518E+01        0.0000E+00
       -0.5511E+01        0.0000E+00
       -0.5504E+01        0.0000E+00
       -0.5497E+01        0.0000E+00
       -0.5490E+01        0.0000E+00
       -0.5483E+01        0.0000E+00
       -0.5476E+01        0.0000E+00
       -0.5469E+01        0.0000E+00
       -0.5462E+01        0.0000E+00
       -0.5455E+01        0.0000E+00
       -0.5448E+01        0.0000E+00
       -0.5441E+01        0.0000E+00
       -0.5434E+01        0.0000E+00
       -0.5427E+01        0.0000E+00
       -0.5420E+01        0.0000E+00
       -0.5413E+01        0.0000E+00
       -0.5406E+01        0.0000E+00
       -0.5399E+01        0.0000E+00
       -0.5392E+01        0.0000E+00
       -0.5385E+01        0.0000E+00
       -0.5378E+01        0.0000E+00
       -0.5371E+01        0.0000E+00
       -0.5364E+01        0.0000E+00
       -0.5357E+01        0.0000E+00
       -0.5350E+01        0.0000E+00
       -0.5343E+01        0.0000E+00
       -0.5336E+01        0.0000E+00
       -0.5329E+01        0.0000E+00
       -0.5322E+01        0.0000E+00
       -0.5315E+01        0.0000E+00
       -0.5308E+01        0.0000E+00
       -0.5301E+01        0.0000E+00
       -0.5294E+01        0.0000E+00
       -0.5287E+01        0.0000E+00
       -0.5280E+01        0.0000E+00
       -0.5273E+01        0.0000E+00
       -0.5266E+01        0.0000E+00
       -0.5259E+01        0.0000E+00
       -0.5252E+01        0.0000E+00
       -0.5245E+01        0.0000E+00
       -0.5238E+01        0.0000E+00
       -0.5231E+01        0.0000E+00
       -0.5224E+01        0.0000E+00
       -0.5217E+01        0.0000E+00
       -0.5210E+01        0.0000E+00
       -0.5203E+01        0.0000E+00
       -0.5196E+01        0.0000E+00
       -0.5189E+01        0.0000E+00
       -0.5182E+01        0.0000E+00
       -0.5175E+01        0.0000E+00
       -0.5168E+01        0.0000E+00
       -0.5161E+01        0.0000E+00
       -0.5154E+01        0.0000E+00
       -0.5147E+01        0.0000E+00
       -0.5140E+01        0.0000E+00
       -0.5133E+01        0.0000E+00
       -0.5126E+01        0.0000E+00
       -0.5119E+01        0.0000E+00
       -0.5112E+01        0.0000E+00
       -0.5105E+01        0.0000E+00
       -0.5098E+01        0.0000E+00
       -0.5091E+01        0.0000E+00
       -0.5084E+01        0.0000E+00
       -0.5077E+01        0.0000E+00
       -0.5070E+01        0.0000E+00
       -0.5063E+01        0.0000E+00
       -0.5056E+01        0.0000E+00
       -0.5049E+01        0.0000E+00
       -0.5042E+01        0.0000E+00
       -0.5035E+01        0.0000E+00
       -0.5028E+01        0.0000E+00
       -0.5021E+01        0.0000E+00
       -0.5014E+01        0.0000E+00
       -0.5007E+01        0.0000E+00
       -0.4999E+01        0.0000E+00
       -0.4992E+01        0.0000E+00
       -0.4985E+01        0.0000E+00
       -0.4978E+01        0.0000E+00
       -0.4971E+01        0.0000E+00
       -0.4964E+01        0.0000E+00
       -0.4957E+01        0.0000E+00
       -0.4950E+01        0.0000E+00
       -0.4943E+01        0.0000E+00
       -0.4936E+01        0.0000E+00
       -0.4929E+01        0.0000E+00
       -0.4922E+01        0.0000E+00
       -0.4915E+01        0.0000E+00
       -0.4908E+01        0.0000E+00
       -0.4901E+01        0.0000E+00
       -0.4894E+01        0.0000E+00
       -0.4887E+01        0.0000E+00
       -0.4880E+01        0.0000E+00
       -0.4873E+01        0.0000E+00
       -0.4866E+01        0.0000E+00
       -0.4859E+01        0.0000E+00
       -0.4852E+01        0.0000E+00
       -0.4845E+01        0.0000E+00
       -0.4838E+01        0.0000E+00
       -0.4831E+01        0.0000E+00
       -0.4824E+01        0.0000E+00
       -0.4817E+01        0.0000E+00
       -0.4810E+01        0.0000E+00
       -0.4803E+01        0.0000E+00
       -0.4796E+01        0.0000E+00
       -0.4789E+01        0.0000E+00
       -0.4782E+01        0.0000E+00
       -0.4775E+01        0.0000E+00
       -0.4768E+01        0.0000E+00
       -0.4761E+01        0.0000E+00
       -0.4754E+01        0.0000E+00
       -0.4747E+01        0.0000E+00
       -0.4740E+01        0.0000E+00
       -0.4733E+01        0.0000E+00
       -0.4726E+01        0.0000E+00
       -0.4719E+01        0.0000E+00
       -0.4712E+01        0.0000E+00
       -0.4705E+01        0.0000E+00
       -0.4698E+01        0.0000E+00
       -0.4691E+01        0.0000E+00
       -0.4684E+01        0.0000E+00
       -0.4677E+01        0.0000E+00
       -0.4670E+01        0.0000E+00
       -0.4663E+01        0.0000E+00
       -0.4656E+01        0.0000E+00
       -0.4649E+01        0.0000E+00
       -0.4642E+01        0.0000E+00
       -0.4635E+01        0.0000E+00
       -0.4628E+01        0.0000E+00
       -0.4621E+01        0.0000E+00
       -0.4614E+01        0.0000E+00
       -0.4607E+01        0.0000E+00
       -0.4600E+01        0.0000E+00
       -0.4593E+01        0.0000E+00
       -0.4586E+01        0.0000E+00
       -0.4579E+01        0.0000E+00
       -0.4572E+01        0.0000E+00
       -0.4565E+01        0.0000E+00
       -0.4558E+01        0.0000E+00
       -0.4551E+01        0.0000E+00
       -0.4544E+01        0.0000E+00
       -0.4537E+01        0.0000E+00
       -0.4530E+01        0.0000E+00
       -0.4523E+01        0.0000E+00
       -0.4516E+01        0.0000E+00
       -0.4509E+01        0.0000E+00
       -0.4502E+01        0.0000E+00
       -0.4495E+01        0.0000E+00
       -0.4488E+01        0.0000E+00
       -0.4481E+01        0.0000E+00
       -0.4474E+01        0.0000E+00
       -0.4467E+01        0.0000E+00
       -0.4460E+01        0.0000E+00
       -0.4453E+01        0.0000E+00
       -0.4446E+01        0.0000E+00
       -0.4439E+01        0.0000E+00
       -0.4432E+01        0.0000E+00
       -0.4425E+01        0.0000E+00
       -0.4418E+01        0.0000E+00
       -0.4411E+01        0.0000E+00
       -0.4404E+01        0.0000E+00
       -0.4397E+01        0.0000E+00
       -0.4390E+01        0.0000E+00
       -0.4383E+01        0.0000E+00
       -0.4376E+01        0.0000E+00
       -0.4369E+01        0.0000E+00
       -0.4362E+01        0.0000E+00
       -0.4355E+01        0.0000E+00
       -0.4348E+01        0.0000E+00
       -0.4341E+01        0.0000E+00
       -0.4334E+01        0.0000E+00
       -0.4327E+01        0.0000E+00
       -0.4320E+01        0.0000E+00
       -0.4313E+01        0.0000E+00
       -0.4306E+01        0.0000E+00
       -0.4299E+01        0.0000E+00
       -0.4292E+01        0.0000E+00
       -0.4285E+01        0.0000E+00
       -0.4278E+01        0.0000E+00
       -0.4271E+01        0.0000E+00
       -0.4264E+01        0.0000E+00
       -0.4257E+01        0.0000E+00
       -0.4250E+01        0.0000E+00
       -0.4243E+01        0.0000E+00
       -0.4236E+01        0.0000E+00
       -0.4229E+01        0.0000E+00
       -0.4222E+01        0.0000E+00
       -0.4215E+01        0.0000E+00
       -0.4208E+01        0.0000E+00
       -0.4201E+01        0.0000E+00
       -0.4194E+01        0.0000E+00
       -0.4187E+01        0.0000E+00
       -0.4180E+01        0.0000E+00
       -0.4173E+01        0.0000E+00
       -0.4166E+01        0.0000E+00
       -0.4159E+01        0.0000E+00
       -0.4152E+01        0.0000E+00
       -0.4145E+01        0.0000E+00
       -0.4138E+01        0.0000E+00
       -0.4131E+01        0.0000E+00
       -0.4124E+01        0.0000E+00
       -0.4117E+01        0.0000E+00
       -0.4110E+01        0.0000E+00
       -0.4103E+01        0.0000E+00
       -0.4096E+01        0.0000E+00
       -0.4089E+01        0.0000E+00
       -0.4082E+01        0.0000E+00
       -0.4075E+01        0.0000E+00
       -0.4068E+01        0.0000E+00
       -0.4061E+01        0.0000E+00
       -0.4054E+01        0.0000E+00
       -0.4047E+01        0.0000E+00
       -0.4040E+01        0.0000E+00
       -0.4033E+01        0.0000E+00
       -0.4026E+01        0.0000E+00
       -0.4019E+01        0.0000E+00
       -0.4012E+01        0.0000E+00
       -0.4005E+01        0.0000E+00
       -0.3998E+01        0.0000E+00
       -0.3991E+01        0.0000E+00
       -0.3984E+01        0.0000E+00
       -0.3977E+01        0.0000E+00
       -0.3970E+01        0.0000E+00
       -0.3963E+01        0.0000E+00
       -0.3956E+01        0.0000E+00
       -0.3949E+01        0.0000E+00
       -0.3942E+01        0.0000E+00
       -0.3935E+01        0.0000E+00
       -0.3928E+01        0.0000E+00
       -0.3921E+01        0.0000E+00
       -0.3914E+01        0.0000E+00
       -0.3907E+01        0.0000E+00
       -0.3900E+01        0.0000E+00
       -0.3893E+01        0.0000E+00
       -0.3886E+01        0.0000E+00
       -0.3879E+01        0.0000E+00
       -0.3872E+01        0.0000E+00
       -0.3865E+01        0.0000E+00
       -0.3858E+01        0.0000E+00
       -0.3851E+01        0.0000E+00
       -0.3844E+01        0.0000E+00
       -0.3837E+01        0.0000E+00
       -0.3830E+01        0.0000E+00
       -0.3823E+01        0.0000E+00
       -0.3816E+01        0.0000E+00
       -0.3809E+01        0.0000E+00
       -0.3802E+01        0.0000E+00
       -0.3795E+01        0.0000E+00
       -0.3788E+01        0.0000E+00
       -0.3781E+01        0.0000E+00
       -0.3774E+01        0.0000E+00
       -0.3767E+01        0.0000E+00
       -0.3760E+01        0.0000E+00
       -0.3753E+01        0.0000E+00
       -0.3746E+01        0.0000E+00
       -0.3739E+01        0.0000E+00
       -0.3732E+01        0.0000E+00
       -0.3725E+01        0.0000E+00
       -0.3718E+01        0.0000E+00
       -0.3711E+01        0.0000E+00
       -0.3704E+01        0.0000E+00
       -0.3697E+01        0.0000E+00
       -0.3690E+01        0.0000E+00
       -0.3683E+01        0.0000E+00
       -0.3676E+01        0.0000E+00
       -0.3669E+01        0.0000E+00
       -0.3662E+01        0.0000E+00
       -0.3655E+01        0.0000E+00
       -0.3648E+01        0.0000E+00
       -0.3641E+01        0.0000E+00
       -0.3634E+01        0.0000E+00
       -0.3627E+01        0.0000E+00
       -0.3620E+01        0.0000E+00
       -0.3613E+01        0.0000E+00
       -0.3606E+01        0.0000E+00
       -0.3599E+01        0.0000E+00
       -0.3592E+01        0.0000E+00
       -0.3585E+01        0.0000E+00
       -0.3578E+01        0.0000E+00
       -0.3571E+01        0.0000E+00
       -0.3564E+01        0.0000E+00
       -0.3557E+01        0.0000E+00
       -0.3550E+01        0.0000E+00
       -0.3543E+01        0.0000E+00
       -0.3536E+01        0.0000E+00
       -0.3529E+01        0.0000E+00
       -0.3522E+01        0.0000E+00
       -0.3515E+01        0.0000E+00
       -0.3508E+01        0.0000E+00
       -0.3501E+01        0.0000E+00
       -0.3494E+01        0.0000E+00
       -0.3487E+01        0.0000E+00
       -0.3480E+01        0.0000E+00
       -0.3473E+01        0.0000E+00
       -0.3466E+01        0.0000E+00
       -0.3459E+01        0.0000E+00
       -0.3452E+01        0.0000E+00
       -0.3445E+01        0.0000E+00
       -0.3438E+01        0.0000E+00
       -0.3431E+01        0.0000E+00
       -0.3424E+01        0.0000E+00
       -0.3417E+01        0.0000E+00
       -0.3410E+01        0.0000E+00
       -0.3403E+01        0.0000E+00
       -0.3396E+01        0.0000E+00
       -0.3389E+01        0.0000E+00
       -0.3382E+01        0.0000E+00
       -0.3375E+01        0.0000E+00
       -0.3368E+01        0.0000E+00
       -0.3361E+01        0.0000E+00
       -0.3354E+01        0.0000E+00
       -0.3347E+01        0.0000E+00
       -0.3340E+01        0.0000E+00
       -0.3333E+01        0.0000E+00
       -0.3326E+01        0.0000E+00
       -0.3319E+01        0.0000E+00
       -0.3312E+01        0.0000E+00
       -0.3305E+01        0.0000E+00
       -0.3298E+01        0.0000E+00
       -0.3291E+01        0.0000E+00
       -0.3284E+01        0.0000E+00
       -0.3277E+01        0.0000E+00
       -0.3270E+01        0.0000E+00
       -0.3263E+01        0.0000E+00
       -0.3256E+01        0.0000E+00
       -0.3249E+01        0.0000E+00
       -0.3242E+01        0.0000E+00
       -0.3235E+01        0.0000E+00
       -0.3228E+01        0.0000E+00
       -0.3221E+01        0.0000E+00
       -0.3214E+01        0.0000E+00
       -0.3207E+01        0.0000E+00
       -0.3200E+01        0.0000E+00
       -0.3193E+01        0.0000E+00
       -0.3186E+01        0.0000E+00
       -0.3179E+01        0.0000E+00
       -0.3172E+01        0.0000E+00
       -0.3165E+01        0.0000E+00
       -0.3158E+01        0.0000E+00
       -0.3151E+01        0.0000E+00
       -0.3144E+01        0.0000E+00
       -0.3137E+01        0.0000E+00
       -0.3130E+01        0.0000E+00
       -0.3123E+01        0.0000E+00
       -0.3116E+01        0.0000E+00
       -0.3109E+01        0.0000E+00
       -0.3102E+01        0.0000E+00
       -0.3095E+01        0.0000E+00
       -0.3088E+01        0.0000E+00
       -0.3081E+01        0.0000E+00
       -0.3074E+01        0.0000E+00
       -0.3067E+01        0.0000E+00
       -0.3060E+01        0.0000E+00
       -0.3053E+01        0.0000E+00
       -0.3046E+01        0.0000E+00
       -0.3039E+01        0.0000E+00
       -0.3032E+01        0.0000E+00
       -0.3025E+01        0.0000E+00
       -0.3018E+01        0.0000E+00
       -0.3011E+01        0.0000E+00
       -0.3004E+01        0.0000E+00
       -0.2996E+01        0.0000E+00
       -0.2989E+01        0.0000E+00
       -0.2982E+01        0.0000E+00
       -0.2975E+01        0.0000E+00
       -0.2968E+01        0.0000E+00
       -0.2961E+01        0.0000E+00
       -0.2954E+01        0.0000E+00
       -0.2947E+01        0.0000E+00
       -0.2940E+01        0.0000E+00
       -0.2933E+01        0.0000E+00
       -0.2926E+01        0.0000E+00
       -0.2919E+01        0.0000E+00
       -0.2912E+01        0.0000E+00
       -0.2905E+01        0.0000E+00
       -0.2898E+01        0.0000E+00
       -0.2891E+01        0.0000E+00
       -0.2884E+01        0.0000E+00
       -0.2877E+01        0.0000E+00
       -0.2870E+01        0.0000E+00
       -0.2863E+01        0.0000E+00
       -0.2856E+01        0.0000E+00
       -0.2849E+01        0.0000E+00
       -0.2842E+01        0.0000E+00
       -0.2835E+01        0.0000E+00
       -0.2828E+01        0.0000E+00
       -0.2821E+01        0.0000E+00
       -0.2814E+01        0.0000E+00
       -0.2807E+01        0.0000E+00
       -0.2800E+01        0.0000E+00
       -0.2793E+01        0.0000E+00
       -0.2786E+01        0.0000E+00
       -0.2779E+01        0.0000E+00
       -0.2772E+01        0.0000E+00
       -0.2765E+01        0.0000E+00
       -0.2758E+01        0.0000E+00
       -0.2751E+01        0.0000E+00
       -0.2744E+01        0.0000E+00
       -0.2737E+01        0.0000E+00
       -0.2730E+01        0.0000E+00
       -0.2723E+01        0.0000E+00
       -0.2716E+01        0.0000E+00
       -0.2709E+01        0.0000E+00
       -0.2702E+01        0.0000E+00
       -0.2695E+01        0.0000E+00
       -0.2688E+01        0.0000E+00
       -0.2681E+01        0.0000E+00
       -0.2674E+01        0.0000E+00
       -0.2667E+01        0.0000E+00
       -0.2660E+01        0.0000E+00
       -0.2653E+01        0.0000E+00
       -0.2646E+01        0.0000E+00
       -0.2639E+01        0.0000E+00
       -0.2632E+01        0.0000E+00
       -0.2625E+01        0.0000E+00
       -0.2618E+01        0.0000E+00
       -0.2611E+01        0.0000E+00
       -0.2604E+01        0.0000E+00
       -0.2597E+01        0.0000E+00
       -0.2590E+01        0.0000E+00
       -0.2583E+01        0.0000E+00
       -0.2576E+01        0.0000E+00
       -0.2569E+01        0.0000E+00
       -0.2562E+01        0.0000E+00
       -0.2555E+01        0.0000E+00
       -0.2548E+01        0.0000E+00
       -0.2541E+01        0.0000E+00
       -0.2534E+01        0.0000E+00
       -0.2527E+01        0.0000E+00
       -0.2520E+01        0.0000E+00
       -0.2513E+01        0.0000E+00
       -0.2506E+01        0.0000E+00
       -0.2499E+01        0.0000E+00
       -0.2492E+01        0.0000E+00
       -0.2485E+01        0.0000E+00
       -0.2478E+01        0.0000E+00
       -0.2471E+01        0.0000E+00
       -0.2464E+01        0.0000E+00
       -0.2457E+01        0.0000E+00
       -0.2450E+01        0.0000E+00
       -0.2443E+01        0.0000E+00
       -0.2436E+01        0.0000E+00
       -0.2429E+01        0.0000E+00
       -0.2422E+01        0.0000E+00
       -0.2415E+01        0.0000E+00
       -0.2408E+01        0.0000E+00
       -0.2401E+01        0.0000E+00
       -0.2394E+01        0.0000E+00
       -0.2387E+01        0.0000E+00
       -0.2380E+01        0.0000E+00
       -0.2373E+01        0.0000E+00
       -0.2366E+01        0.0000E+00
       -0.2359E+01        0.0000E+00
       -0.2352E+01        0.0000E+00
       -0.2345E+01        0.0000E+00
       -0.2338E+01        0.0000E+00
       -0.2331E+01        0.0000E+00
       -0.2324E+01        0.0000E+00
       -0.2317E+01        0.0000E+00
       -0.2310E+01        0.0000E+00
       -0.2303E+01        0.0000E+00
       -0.2296E+01        0.0000E+00
       -0.2289E+01        0.0000E+00
       -0.2282E+01        0.0000E+00
       -0.2275E+01        0.0000E+00
       -0.2268E+01        0.0000E+00
       -0.2261E+01        0.0000E+00
       -0.2254E+01        0.0000E+00
       -0.2247E+01        0.0000E+00
       -0.2240E+01        0.0000E+00
       -0.2233E+01        0.0000E+00
       -0.2226E+01        0.0000E+00
       -0.2219E+01        0.0000E+00
       -0.2212E+01        0.0000E+00
       -0.2205E+01        0.0000E+00
       -0.2198E+01        0.0000E+00
       -0.2191E+01        0.0000E+00
       -0.2184E+01        0.0000E+00
       -0.2177E+01        0.0000E+00
       -0.2170E+01        0.0000E+00
       -0.2163E+01        0.0000E+00
       -0.2156E+01        0.0000E+00
       -0.2149E+01        0.0000E+00
       -0.2142E+01        0.0000E+00
       -0.2135E+01        0.0000E+00
       -0.2128E+01        0.0000E+00
       -0.2121E+01        0.0000E+00
       -0.2114E+01        0.0000E+00
       -0.2107E+01        0.0000E+00
       -0.2100E+01        0.0000E+00
       -0.2093E+01        0.0000E+00
       -0.2086E+01        0.0000E+00
       -0.2079E+01        0.0000E+00
       -0.2072E+01        0.0000E+00
       -0.2065E+01        0.0000E+00
       -0.2058E+01        0.0000E+00
       -0.2051E+01        0.0000E+00
       -0.2044E+01        0.0000E+00
       -0.2037E+01        0.0000E+00
       -0.2030E+01        0.0000E+00
       -0.2023E+01       -0.4730E-37
       -0.2016E+01       -0.2751E-32
       -0.2009E+01        0.2501E-27
       -0.2002E+01        0.3528E-26
       -0.1995E+01       -0.3525E-29
       -0.1988E+01       -0.3500E-34
       -0.1981E+01       -0.2516E-39
       -0.1974E+01        0.1244E-44
       -0.1967E+01        0.1672E-49
       -0.1960E+01        0.3603E-55
       -0.1953E+01       -0.5730E-61
       -0.1946E+01        0.1363E-64
       -0.1939E+01       -0.1473E-70
       -0.1932E+01       -0.7733E-76
       -0.1925E+01        0.9791E-80
       -0.1918E+01       -0.1161E-85
       -0.1911E+01       -0.3663E-90
       -0.1904E+01       -0.2316E-95
       -0.1897E+01        0.3738-100
       -0.1890E+01        0.1735-105
       -0.1883E+01       -0.9250-111
       -0.1876E+01       -0.1035-115
       -0.1869E+01       -0.2139-121
       -0.1862E+01       -0.3882-126
       -0.1855E+01        0.3628-131
       -0.1848E+01        0.5971-136
       -0.1841E+01        0.1226-141
       -0.1834E+01        0.2322-146
       -0.1827E+01        0.3743-151
       -0.1820E+01       -0.5241-157
       -0.1813E+01       -0.3645-161
       -0.1806E+01       -0.4862-168
       -0.1799E+01       -0.2593-171
       -0.1792E+01        0.5773-177
       -0.1785E+01       -0.2227-181
       -0.1778E+01       -0.3001-187
       -0.1771E+01        0.2236-191
       -0.1764E+01        0.2934-196
       -0.1757E+01        0.1218-201
       -0.1750E+01        0.7974-207
       -0.1743E+01        0.2419-212
       -0.1736E+01       -0.4039-217
       -0.1729E+01        0.7010-222
       -0.1722E+01        0.7918-227
       -0.1715E+01        0.9316-232
       -0.1708E+01       -0.9428-237
       -0.1701E+01        0.8938-242
       -0.1694E+01        0.5456-247
       -0.1687E+01        0.3797-252
       -0.1680E+01        0.1261-256
       -0.1673E+01        0.1490-262
       -0.1666E+01       -0.4867-268
       -0.1659E+01        0.4012-272
       -0.1652E+01       -0.1056-277
       -0.1645E+01        0.8650-282
       -0.1638E+01       -0.7092-287
       -0.1631E+01        0.8208-293
       -0.1624E+01        0.3977-297
       -0.1617E+01       -0.2595-302
       -0.1610E+01        0.6339-307
       -0.1603E+01       -0.1501-312
       -0.1596E+01        0.1963-317
       -0.1589E+01        0.1087-321
       -0.1582E+01        0.0000E+00
       -0.1575E+01        0.0000E+00
       -0.1568E+01        0.0000E+00
       -0.1561E+01        0.0000E+00
       -0.1554E+01        0.0000E+00
       -0.1547E+01        0.0000E+00
       -0.1540E+01        0.0000E+00
       -0.1533E+01        0.0000E+00
       -0.1526E+01        0.0000E+00
       -0.1519E+01        0.0000E+00
       -0.1512E+01        0.0000E+00
       -0.1505E+01        0.0000E+00
       -0.1498E+01        0.0000E+00
       -0.1491E+01        0.0000E+00
       -0.1484E+01        0.0000E+00
       -0.1477E+01        0.0000E+00
       -0.1470E+01        0.0000E+00
       -0.1463E+01        0.0000E+00
       -0.1456E+01        0.0000E+00
       -0.1449E+01        0.0000E+00
       -0.1442E+01        0.0000E+00
       -0.1435E+01        0.0000E+00
       -0.1428E+01        0.0000E+00
       -0.1421E+01        0.0000E+00
       -0.1414E+01        0.0000E+00
       -0.1407E+01        0.0000E+00
       -0.1400E+01        0.0000E+00
       -0.1393E+01        0.0000E+00
       -0.1386E+01        0.0000E+00
       -0.1379E+01        0.0000E+00
       -0.1372E+01        0.0000E+00
       -0.1365E+01        0.0000E+00
       -0.1358E+01        0.0000E+00
       -0.1351E+01        0.0000E+00
       -0.1344E+01        0.0000E+00
       -0.1337E+01        0.0000E+00
       -0.1330E+01        0.0000E+00
       -0.1323E+01        0.0000E+00
       -0.1316E+01        0.0000E+00
       -0.1309E+01        0.0000E+00
       -0.1302E+01        0.0000E+00
       -0.1295E+01        0.0000E+00
       -0.1288E+01        0.0000E+00
       -0.1281E+01        0.0000E+00
       -0.1274E+01        0.0000E+00
       -0.1267E+01        0.0000E+00
       -0.1260E+01        0.0000E+00
       -0.1253E+01        0.0000E+00
       -0.1246E+01        0.0000E+00
       -0.1239E+01        0.0000E+00
       -0.1232E+01        0.0000E+00
       -0.1225E+01        0.0000E+00
       -0.1218E+01        0.0000E+00
       -0.1211E+01        0.0000E+00
       -0.1204E+01        0.0000E+00
       -0.1197E+01        0.0000E+00
       -0.1190E+01        0.0000E+00
       -0.1183E+01        0.0000E+00
       -0.1176E+01        0.0000E+00
       -0.1169E+01        0.0000E+00
       -0.1162E+01        0.0000E+00
       -0.1155E+01        0.0000E+00
       -0.1148E+01        0.0000E+00
       -0.1141E+01        0.0000E+00
       -0.1134E+01        0.0000E+00
       -0.1127E+01        0.0000E+00
       -0.1120E+01        0.0000E+00
       -0.1113E+01        0.0000E+00
       -0.1106E+01        0.0000E+00
       -0.1099E+01        0.0000E+00
       -0.1092E+01        0.0000E+00
       -0.1085E+01        0.0000E+00
       -0.1078E+01        0.0000E+00
       -0.1071E+01        0.0000E+00
       -0.1064E+01        0.0000E+00
       -0.1057E+01        0.0000E+00
       -0.1050E+01        0.0000E+00
       -0.1043E+01        0.0000E+00
       -0.1036E+01        0.0000E+00
       -0.1029E+01        0.0000E+00
       -0.1022E+01        0.0000E+00
       -0.1015E+01        0.0000E+00
       -0.1008E+01        0.0000E+00
       -0.1001E+01        0.0000E+00
       -0.9935E+00        0.0000E+00
       -0.9865E+00        0.0000E+00
       -0.9795E+00        0.0000E+00
       -0.9725E+00        0.0000E+00
       -0.9655E+00        0.0000E+00
       -0.9585E+00        0.0000E+00
       -0.9515E+00        0.0000E+00
       -0.9445E+00        0.0000E+00
       -0.9375E+00        0.0000E+00
       -0.9305E+00        0.0000E+00
       -0.9235E+00        0.0000E+00
       -0.9165E+00        0.0000E+00
       -0.9095E+00        0.0000E+00
       -0.9025E+00        0.0000E+00
       -0.8954E+00        0.0000E+00
       -0.8884E+00        0.0000E+00
       -0.8814E+00        0.0000E+00
       -0.8744E+00        0.0000E+00
       -0.8674E+00        0.0000E+00
       -0.8604E+00        0.0000E+00
       -0.8534E+00        0.0000E+00
       -0.8464E+00        0.0000E+00
       -0.8394E+00        0.0000E+00
       -0.8324E+00        0.0000E+00
       -0.8254E+00        0.0000E+00
       -0.8184E+00        0.0000E+00
       -0.8114E+00        0.0000E+00
       -0.8044E+00        0.0000E+00
       -0.7974E+00        0.0000E+00
       -0.7904E+00        0.0000E+00
       -0.7834E+00        0.0000E+00
       -0.7764E+00        0.0000E+00
       -0.7694E+00        0.0000E+00
       -0.7624E+00        0.0000E+00
       -0.7554E+00        0.0000E+00
       -0.7484E+00        0.0000E+00
       -0.7414E+00        0.0000E+00
       -0.7344E+00        0.0000E+00
       -0.7274E+00        0.0000E+00
       -0.7204E+00        0.0000E+00
       -0.7134E+00        0.0000E+00
       -0.7064E+00        0.0000E+00
       -0.6993E+00        0.0000E+00
       -0.6923E+00        0.0000E+00
       -0.6853E+00        0.0000E+00
       -0.6783E+00        0.0000E+00
       -0.6713E+00        0.0000E+00
       -0.6643E+00        0.0000E+00
       -0.6573E+00        0.0000E+00
       -0.6503E+00        0.0000E+00
       -0.6433E+00        0.0000E+00
       -0.6363E+00        0.0000E+00
       -0.6293E+00        0.0000E+00
       -0.6223E+00        0.0000E+00
       -0.6153E+00        0.0000E+00
       -0.6083E+00        0.0000E+00
       -0.6013E+00        0.0000E+00
       -0.5943E+00        0.0000E+00
       -0.5873E+00        0.0000E+00
       -0.5803E+00        0.0000E+00
       -0.5733E+00        0.0000E+00
       -0.5663E+00        0.0000E+00
       -0.5593E+00        0.0000E+00
       -0.5523E+00        0.0000E+00
       -0.5453E+00        0.0000E+00
       -0.5383E+00        0.0000E+00
       -0.5313E+00        0.0000E+00
       -0.5243E+00        0.0000E+00
       -0.5173E+00        0.0000E+00
       -0.5103E+00        0.0000E+00
       -0.5033E+00        0.0000E+00
       -0.4962E+00        0.0000E+00
       -0.4892E+00        0.0000E+00
       -0.4822E+00        0.0000E+00
       -0.4752E+00        0.0000E+00
       -0.4682E+00        0.0000E+00
       -0.4612E+00        0.0000E+00
       -0.4542E+00        0.0000E+00
       -0.4472E+00        0.0000E+00
       -0.4402E+00        0.0000E+00
       -0.4332E+00        0.0000E+00
       -0.4262E+00        0.0000E+00
       -0.4192E+00        0.0000E+00
       -0.4122E+00        0.0000E+00
       -0.4052E+00        0.0000E+00
       -0.3982E+00        0.0000E+00
       -0.3912E+00        0.0000E+00
       -0.3842E+00        0.0000E+00
       -0.3772E+00        0.0000E+00
       -0.3702E+00        0.0000E+00
       -0.3632E+00        0.0000E+00
       -0.3562E+00        0.0000E+00
       -0.3492E+00        0.0000E+00
       -0.3422E+00        0.0000E+00
       -0.3352E+00        0.0000E+00
       -0.3282E+00        0.0000E+00
       -0.3212E+00        0.0000E+00
       -0.3142E+00        0.0000E+00
       -0.3072E+00        0.0000E+00
       -0.3002E+00        0.0000E+00
       -0.2931E+00        0.0000E+00
       -0.2861E+00        0.0000E+00
       -0.2791E+00        0.0000E+00
       -0.2721E+00        0.0000E+00
       -0.2651E+00        0.0000E+00
       -0.2581E+00        0.0000E+00
       -0.2511E+00        0.0000E+00
       -0.2441E+00        0.0000E+00
       -0.2371E+00        0.0000E+00
       -0.2301E+00        0.0000E+00
       -0.2231E+00        0.0000E+00
       -0.2161E+00        0.0000E+00
       -0.2091E+00        0.0000E+00
       -0.2021E+00        0.0000E+00
       -0.1951E+00        0.0000E+00
       -0.1881E+00        0.0000E+00
       -0.1811E+00        0.0000E+00
       -0.1741E+00        0.0000E+00
       -0.1671E+00        0.0000E+00
       -0.1601E+00        0.0000E+00
       -0.1531E+00        0.0000E+00
       -0.1461E+00        0.0000E+00
       -0.1391E+00        0.0000E+00
       -0.1321E+00        0.0000E+00
       -0.1251E+00        0.0000E+00
       -0.1181E+00        0.0000E+00
       -0.1111E+00        0.0000E+00
       -0.1041E+00        0.0000E+00
       -0.9705E-01        0.0000E+00
       -0.9005E-01        0.0000E+00
       -0.8304E-01        0.0000E+00
       -0.7604E-01        0.0000E+00
       -0.6903E-01        0.0000E+00
       -0.6203E-01        0.0000E+00
       -0.5503E-01        0.0000E+00
       -0.4802E-01        0.0000E+00
       -0.4102E-01        0.0000E+00
       -0.3402E-01        0.0000E+00
       -0.2701E-01        0.0000E+00
       -0.2001E-01        0.0000E+00
       -0.1301E-01        0.0000E+00
       -0.6003E-02        0.0000E+00
        0.1001E-02        0.0000E+00
        0.8004E-02        0.0000E+00
        0.1501E-01        0.0000E+00
        0.2201E-01        0.0000E+00
        0.2901E-01        0.0000E+00
        0.3602E-01        0.0000E+00
        0.4302E-01        0.0000E+00
        0.5003E-01        0.0000E+00
        0.5703E-01        0.0000E+00
        0.6403E-01        0.0000E+00
        0.7104E-01        0.0000E+00
        0.7804E-01        0.0000E+00
        0.8504E-01        0.0000E+00
        0.9205E-01        0.0000E+00
        0.9905E-01        0.0000E+00
        0.1061E+00        0.0000E+00
        0.1131E+00        0.0000E+00
        0.1201E+00        0.0000E+00
        0.1271E+00        0.0000E+00
        0.1341E+00        0.0000E+00
        0.1411E+00        0.0000E+00
        0.1481E+00        0.0000E+00
        0.1551E+00        0.0000E+00
        0.1621E+00        0.0000E+00
        0.1691E+00        0.0000E+00
        0.1761E+00        0.0000E+00
        0.1831E+00        0.0000E+00
        0.1901E+00        0.0000E+00
        0.1971E+00        0.0000E+00
        0.2041E+00        0.0000E+00
        0.2111E+00        0.0000E+00
        0.2181E+00        0.0000E+00
        0.2251E+00        0.0000E+00
        0.2321E+00        0.0000E+00
        0.2391E+00        0.0000E+00
        0.2461E+00        0.0000E+00
        0.2531E+00        0.0000E+00
        0.2601E+00        0.0000E+00
        0.2671E+00        0.0000E+00
        0.2741E+00        0.0000E+00
        0.2811E+00        0.0000E+00
        0.2881E+00        0.0000E+00
        0.2951E+00        0.0000E+00
        0.3022E+00        0.0000E+00
        0.3092E+00        0.0000E+00
        0.3162E+00        0.0000E+00
        0.3232E+00        0.0000E+00
        0.3302E+00        0.0000E+00
        0.3372E+00        0.0000E+00
        0.3442E+00        0.0000E+00
        0.3512E+00        0.0000E+00
        0.3582E+00        0.0000E+00
        0.3652E+00        0.0000E+00
        0.3722E+00        0.0000E+00
        0.3792E+00        0.0000E+00
        0.3862E+00        0.0000E+00
        0.3932E+00        0.0000E+00
        0.4002E+00        0.0000E+00
        0.4072E+00        0.0000E+00
        0.4142E+00        0.0000E+00
        0.4212E+00        0.0000E+00
        0.4282E+00        0.0000E+00
        0.4352E+00        0.0000E+00
        0.4422E+00        0.0000E+00
        0.4492E+00        0.0000E+00
        0.4562E+00        0.0000E+00
        0.4632E+00        0.0000E+00
        0.4702E+00        0.0000E+00
        0.4772E+00        0.0000E+00
        0.4842E+00        0.0000E+00
        0.4912E+00        0.0000E+00
        0.4982E+00        0.0000E+00
        0.5053E+00        0.0000E+00
        0.5123E+00        0.0000E+00
        0.5193E+00        0.0000E+00
        0.5263E+00        0.0000E+00
        0.5333E+00        0.0000E+00
        0.5403E+00        0.0000E+00
        0.5473E+00        0.0000E+00
        0.5543E+00        0.0000E+00
        0.5613E+00        0.0000E+00
        0.5683E+00        0.0000E+00
        0.5753E+00        0.0000E+00
        0.5823E+00        0.0000E+00
        0.5893E+00        0.0000E+00
        0.5963E+00        0.0000E+00
        0.6033E+00        0.0000E+00
        0.6103E+00        0.0000E+00
        0.6173E+00        0.0000E+00
        0.6243E+00        0.0000E+00
        0.6313E+00        0.0000E+00
        0.6383E+00        0.0000E+00
        0.6453E+00        0.0000E+00
        0.6523E+00        0.0000E+00
        0.6593E+00        0.0000E+00
        0.6663E+00        0.0000E+00
        0.6733E+00        0.0000E+00
        0.6803E+00        0.0000E+00
        0.6873E+00        0.0000E+00
        0.6943E+00        0.0000E+00
        0.7014E+00        0.0000E+00
        0.7084E+00        0.0000E+00
        0.7154E+00        0.0000E+00
        0.7224E+00        0.0000E+00
        0.7294E+00        0.0000E+00
        0.7364E+00        0.0000E+00
        0.7434E+00        0.0000E+00
        0.7504E+00        0.0000E+00
        0.7574E+00        0.0000E+00
        0.7644E+00        0.0000E+00
        0.7714E+00        0.0000E+00
        0.7784E+00        0.0000E+00
        0.7854E+00        0.0000E+00
        0.7924E+00        0.0000E+00
        0.7994E+00        0.0000E+00
        0.8064E+00        0.0000E+00
        0.8134E+00        0.0000E+00
        0.8204E+00        0.0000E+00
        0.8274E+00        0.0000E+00
        0.8344E+00        0.0000E+00
        0.8414E+00        0.0000E+00
        0.8484E+00        0.0000E+00
        0.8554E+00        0.0000E+00
        0.8624E+00        0.0000E+00
        0.8694E+00        0.0000E+00
        0.8764E+00        0.0000E+00
        0.8834E+00        0.0000E+00
        0.8904E+00        0.0000E+00
        0.8974E+00        0.0000E+00
        0.9045E+00        0.0000E+00
        0.9115E+00        0.0000E+00
        0.9185E+00        0.0000E+00
        0.9255E+00        0.0000E+00
        0.9325E+00        0.0000E+00
        0.9395E+00        0.0000E+00
        0.9465E+00        0.0000E+00
        0.9535E+00        0.0000E+00
        0.9605E+00        0.0000E+00
        0.9675E+00        0.0000E+00
        0.9745E+00        0.0000E+00
        0.9815E+00        0.0000E+00
        0.9885E+00        0.0000E+00
        0.9955E+00        0.0000E+00
        0.1003E+01        0.0000E+00
        0.1010E+01        0.0000E+00
        0.1017E+01        0.0000E+00
        0.1024E+01        0.0000E+00
        0.1031E+01        0.0000E+00
        0.1038E+01        0.0000E+00
        0.1045E+01        0.0000E+00
        0.1052E+01        0.0000E+00
        0.1059E+01        0.0000E+00
        0.1066E+01        0.0000E+00
        0.1073E+01        0.0000E+00
        0.1080E+01        0.0000E+00
        0.1087E+01        0.0000E+00
        0.1094E+01        0.0000E+00
        0.1101E+01        0.0000E+00
        0.1108E+01        0.0000E+00
        0.1115E+01        0.0000E+00
        0.1122E+01        0.0000E+00
        0.1129E+01        0.0000E+00
        0.1136E+01        0.0000E+00
        0.1143E+01        0.0000E+00
        0.1150E+01        0.0000E+00
        0.1157E+01        0.0000E+00
        0.1164E+01        0.0000E+00
        0.1171E+01        0.0000E+00
        0.1178E+01        0.0000E+00
        0.1185E+01        0.0000E+00
        0.1192E+01        0.0000E+00
        0.1199E+01        0.0000E+00
        0.1206E+01        0.0000E+00
        0.1213E+01        0.0000E+00
        0.1220E+01        0.0000E+00
        0.1227E+01        0.0000E+00
        0.1234E+01        0.0000E+00
        0.1241E+01        0.0000E+00
        0.1248E+01        0.0000E+00
        0.1255E+01        0.0000E+00
        0.1262E+01        0.0000E+00
        0.1269E+01        0.0000E+00
        0.1276E+01        0.0000E+00
        0.1283E+01        0.0000E+00
        0.1290E+01        0.0000E+00
        0.1297E+01        0.0000E+00
        0.1304E+01        0.0000E+00
        0.1311E+01        0.0000E+00
        0.1318E+01        0.0000E+00
        0.1325E+01        0.0000E+00
        0.1332E+01        0.0000E+00
        0.1339E+01        0.0000E+00
        0.1346E+01        0.0000E+00
        0.1353E+01        0.0000E+00
        0.1360E+01        0.0000E+00
        0.1367E+01        0.0000E+00
        0.1374E+01        0.0000E+00
        0.1381E+01        0.0000E+00
        0.1388E+01        0.0000E+00
        0.1395E+01        0.0000E+00
        0.1402E+01        0.0000E+00
        0.1409E+01        0.0000E+00
        0.1416E+01        0.0000E+00
        0.1423E+01        0.0000E+00
        0.1430E+01        0.0000E+00
        0.1437E+01        0.0000E+00
        0.1444E+01        0.0000E+00
        0.1451E+01        0.0000E+00
        0.1458E+01        0.0000E+00
        0.1465E+01        0.0000E+00
        0.1472E+01        0.0000E+00
        0.1479E+01        0.0000E+00
        0.1486E+01        0.0000E+00
        0.1493E+01        0.0000E+00
        0.1500E+01        0.0000E+00
        0.1507E+01        0.0000E+00
        0.1514E+01        0.0000E+00
        0.1521E+01        0.0000E+00
        0.1528E+01        0.0000E+00
        0.1535E+01        0.0000E+00
        0.1542E+01        0.0000E+00
        0.1549E+01        0.0000E+00
        0.1556E+01        0.0000E+00
        0.1563E+01        0.0000E+00
        0.1570E+01        0.0000E+00
        0.1577E+01        0.0000E+00
        0.1584E+01        0.0000E+00
        0.1591E+01        0.0000E+00
        0.1598E+01        0.0000E+00
        0.1605E+01        0.0000E+00
        0.1612E+01        0.0000E+00
        0.1619E+01        0.0000E+00
        0.1626E+01        0.0000E+00
        0.1633E+01        0.0000E+00
        0.1640E+01        0.0000E+00
        0.1647E+01        0.0000E+00
        0.1654E+01        0.0000E+00
        0.1661E+01        0.0000E+00
        0.1668E+01        0.0000E+00
        0.1675E+01        0.0000E+00
        0.1682E+01        0.0000E+00
        0.1689E+01        0.0000E+00
        0.1696E+01        0.0000E+00
        0.1703E+01        0.0000E+00
        0.1710E+01        0.0000E+00
        0.1717E+01        0.0000E+00
        0.1724E+01        0.0000E+00
        0.1731E+01        0.0000E+00
        0.1738E+01        0.0000E+00
        0.1745E+01        0.0000E+00
        0.1752E+01        0.0000E+00
        0.1759E+01        0.0000E+00
        0.1766E+01        0.0000E+00
        0.1773E+01        0.0000E+00
        0.1780E+01        0.0000E+00
        0.1787E+01        0.0000E+00
        0.1794E+01        0.0000E+00
        0.1801E+01        0.0000E+00
        0.1808E+01        0.0000E+00
        0.1815E+01        0.0000E+00
        0.1822E+01        0.0000E+00
        0.1829E+01        0.0000E+00
        0.1836E+01        0.0000E+00
        0.1843E+01        0.0000E+00
        0.1850E+01        0.0000E+00
        0.1857E+01        0.0000E+00
        0.1864E+01        0.0000E+00
        0.1871E+01        0.0000E+00
        0.1878E+01        0.0000E+00
        0.1885E+01        0.0000E+00
        0.1892E+01        0.0000E+00
        0.1899E+01        0.0000E+00
        0.1906E+01        0.0000E+00
        0.1913E+01        0.0000E+00
        0.1920E+01        0.0000E+00
        0.1927E+01        0.0000E+00
        0.1934E+01        0.0000E+00
        0.1941E+01        0.0000E+00
        0.1948E+01        0.0000E+00
        0.1955E+01        0.0000E+00
        0.1962E+01        0.0000E+00
        0.1969E+01        0.0000E+00
        0.1976E+01        0.0000E+00
        0.1983E+01        0.0000E+00
        0.1990E+01        0.0000E+00
        0.1997E+01        0.0000E+00
        0.2004E+01        0.0000E+00
        0.2011E+01        0.0000E+00
        0.2018E+01        0.0000E+00
        0.2025E+01        0.0000E+00
        0.2032E+01        0.0000E+00
        0.2039E+01        0.0000E+00
        0.2046E+01        0.0000E+00
        0.2053E+01        0.0000E+00
        0.2060E+01        0.0000E+00
        0.2067E+01        0.0000E+00
        0.2074E+01        0.0000E+00
        0.2081E+01        0.0000E+00
        0.2088E+01        0.0000E+00
        0.2095E+01        0.0000E+00
        0.2102E+01        0.0000E+00
        0.2109E+01        0.0000E+00
        0.2116E+01        0.0000E+00
        0.2123E+01        0.0000E+00
        0.2130E+01        0.0000E+00
        0.2137E+01        0.0000E+00
        0.2144E+01        0.0000E+00
        0.2151E+01        0.0000E+00
        0.2158E+01        0.0000E+00
        0.2165E+01        0.0000E+00
        0.2172E+01        0.0000E+00
        0.2179E+01        0.0000E+00
        0.2186E+01        0.0000E+00
        0.2193E+01        0.0000E+00
        0.2200E+01        0.0000E+00
        0.2207E+01        0.0000E+00
        0.2214E+01        0.0000E+00
        0.2221E+01        0.0000E+00
        0.2228E+01        0.0000E+00
        0.2235E+01        0.0000E+00
        0.2242E+01        0.0000E+00
        0.2249E+01        0.0000E+00
        0.2256E+01        0.0000E+00
        0.2263E+01        0.0000E+00
        0.2270E+01        0.0000E+00
        0.2277E+01        0.0000E+00
        0.2284E+01        0.0000E+00
        0.2291E+01        0.0000E+00
        0.2298E+01        0.0000E+00
        0.2305E+01        0.0000E+00
        0.2312E+01        0.0000E+00
        0.2319E+01        0.0000E+00
        0.2326E+01        0.0000E+00
        0.2333E+01        0.0000E+00
        0.2340E+01        0.0000E+00
        0.2347E+01        0.0000E+00
        0.2354E+01        0.0000E+00
        0.2361E+01        0.0000E+00
        0.2368E+01        0.0000E+00
        0.2375E+01        0.0000E+00
        0.2382E+01        0.0000E+00
        0.2389E+01        0.0000E+00
        0.2396E+01        0.0000E+00
        0.2403E+01        0.0000E+00
        0.2410E+01        0.0000E+00
        0.2417E+01        0.0000E+00
        0.2424E+01        0.0000E+00
        0.2431E+01        0.0000E+00
        0.2438E+01        0.0000E+00
        0.2445E+01        0.0000E+00
        0.2452E+01        0.0000E+00
        0.2459E+01        0.0000E+00
        0.2466E+01        0.0000E+00
        0.2473E+01        0.0000E+00
        0.2480E+01        0.0000E+00
        0.2487E+01        0.0000E+00
        0.2494E+01        0.0000E+00
        0.2501E+01        0.0000E+00
        0.2508E+01        0.0000E+00
        0.2515E+01        0.0000E+00
        0.2522E+01        0.0000E+00
        0.2529E+01        0.0000E+00
        0.2536E+01        0.0000E+00
        0.2543E+01        0.0000E+00
        0.2550E+01        0.0000E+00
        0.2557E+01        0.0000E+00
        0.2564E+01        0.0000E+00
        0.2571E+01        0.0000E+00
        0.2578E+01        0.0000E+00
        0.2585E+01        0.0000E+00
        0.2592E+01        0.0000E+00
        0.2599E+01        0.0000E+00
        0.2606E+01        0.0000E+00
        0.2613E+01        0.0000E+00
        0.2620E+01        0.0000E+00
        0.2627E+01        0.0000E+00
        0.2634E+01        0.0000E+00
        0.2641E+01        0.0000E+00
        0.2648E+01        0.0000E+00
        0.2655E+01        0.0000E+00
        0.2662E+01        0.0000E+00
        0.2669E+01        0.0000E+00
        0.2676E+01        0.0000E+00
        0.2683E+01        0.0000E+00
        0.2690E+01        0.0000E+00
        0.2697E+01        0.0000E+00
        0.2704E+01        0.0000E+00
        0.2711E+01        0.0000E+00
        0.2718E+01        0.0000E+00
        0.2725E+01        0.0000E+00
        0.2732E+01        0.0000E+00
        0.2739E+01        0.0000E+00
        0.2746E+01        0.0000E+00
        0.2753E+01        0.0000E+00
        0.2760E+01        0.0000E+00
        0.2767E+01        0.0000E+00
        0.2774E+01        0.0000E+00
        0.2781E+01        0.0000E+00
        0.2788E+01        0.0000E+00
        0.2795E+01        0.0000E+00
        0.2802E+01        0.0000E+00
        0.2809E+01        0.0000E+00
        0.2816E+01        0.0000E+00
        0.2823E+01        0.0000E+00
        0.2830E+01        0.0000E+00
        0.2837E+01        0.0000E+00
        0.2844E+01        0.0000E+00
        0.2851E+01        0.0000E+00
        0.2858E+01        0.0000E+00
        0.2865E+01        0.0000E+00
        0.2872E+01        0.0000E+00
        0.2879E+01        0.0000E+00
        0.2886E+01        0.0000E+00
        0.2893E+01        0.0000E+00
        0.2900E+01        0.0000E+00
        0.2907E+01        0.0000E+00
        0.2914E+01        0.0000E+00
        0.2921E+01        0.0000E+00
        0.2928E+01        0.0000E+00
        0.2935E+01        0.0000E+00
        0.2942E+01        0.0000E+00
        0.2949E+01        0.0000E+00
        0.2956E+01        0.0000E+00
        0.2963E+01        0.0000E+00
        0.2970E+01        0.0000E+00
        0.2977E+01        0.0000E+00
        0.2984E+01        0.0000E+00
        0.2991E+01        0.0000E+00
        0.2998E+01        0.0000E+00
        0.3006E+01        0.0000E+00
        0.3013E+01        0.0000E+00
        0.3020E+01        0.0000E+00
        0.3027E+01        0.0000E+00
        0.3034E+01        0.0000E+00
        0.3041E+01        0.0000E+00
        0.3048E+01        0.0000E+00
        0.3055E+01        0.0000E+00
        0.3062E+01        0.0000E+00
        0.3069E+01        0.0000E+00
        0.3076E+01        0.0000E+00
        0.3083E+01        0.0000E+00
        0.3090E+01        0.0000E+00
        0.3097E+01        0.0000E+00
        0.3104E+01        0.0000E+00
        0.3111E+01        0.0000E+00
        0.3118E+01        0.0000E+00
        0.3125E+01        0.0000E+00
        0.3132E+01        0.0000E+00
        0.3139E+01        0.0000E+00
        0.3146E+01        0.0000E+00
        0.3153E+01        0.0000E+00
        0.3160E+01        0.0000E+00
        0.3167E+01        0.0000E+00
        0.3174E+01        0.0000E+00
        0.3181E+01        0.0000E+00
        0.3188E+01        0.0000E+00
        0.3195E+01        0.0000E+00
        0.3202E+01        0.0000E+00
        0.3209E+01        0.0000E+00
        0.3216E+01        0.0000E+00
        0.3223E+01        0.0000E+00
        0.3230E+01        0.0000E+00
        0.3237E+01        0.0000E+00
        0.3244E+01        0.0000E+00
        0.3251E+01        0.0000E+00
        0.3258E+01        0.0000E+00
        0.3265E+01        0.0000E+00
        0.3272E+01        0.0000E+00
        0.3279E+01        0.0000E+00
        0.3286E+01        0.0000E+00
        0.3293E+01        0.0000E+00
        0.3300E+01        0.0000E+00
        0.3307E+01        0.0000E+00
        0.3314E+01        0.0000E+00
        0.3321E+01        0.0000E+00
        0.3328E+01        0.0000E+00
        0.3335E+01        0.0000E+00
        0.3342E+01        0.0000E+00
        0.3349E+01        0.0000E+00
        0.3356E+01        0.0000E+00
        0.3363E+01        0.0000E+00
        0.3370E+01        0.0000E+00
        0.3377E+01        0.0000E+00
        0.3384E+01        0.0000E+00
        0.3391E+01        0.0000E+00
        0.3398E+01        0.0000E+00
        0.3405E+01        0.0000E+00
        0.3412E+01        0.0000E+00
        0.3419E+01        0.0000E+00
        0.3426E+01        0.0000E+00
        0.3433E+01        0.0000E+00
        0.3440E+01        0.0000E+00
        0.3447E+01        0.0000E+00
        0.3454E+01        0.0000E+00
        0.3461E+01        0.0000E+00
        0.3468E+01        0.0000E+00
        0.3475E+01        0.0000E+00
        0.3482E+01        0.0000E+00
        0.3489E+01        0.0000E+00
        0.3496E+01        0.0000E+00
        0.3503E+01        0.0000E+00
        0.3510E+01        0.0000E+00
        0.3517E+01        0.0000E+00
        0.3524E+01        0.0000E+00
        0.3531E+01        0.0000E+00
        0.3538E+01        0.0000E+00
        0.3545E+01        0.0000E+00
        0.3552E+01        0.0000E+00
        0.3559E+01        0.0000E+00
        0.3566E+01        0.0000E+00
        0.3573E+01        0.0000E+00
        0.3580E+01        0.0000E+00
        0.3587E+01        0.0000E+00
        0.3594E+01        0.0000E+00
        0.3601E+01        0.0000E+00
        0.3608E+01        0.0000E+00
        0.3615E+01        0.0000E+00
        0.3622E+01        0.0000E+00
        0.3629E+01        0.0000E+00
        0.3636E+01        0.0000E+00
        0.3643E+01        0.0000E+00
        0.3650E+01        0.0000E+00
        0.3657E+01        0.0000E+00
        0.3664E+01        0.0000E+00
        0.3671E+01        0.0000E+00
        0.3678E+01        0.0000E+00
        0.3685E+01        0.0000E+00
        0.3692E+01        0.0000E+00
        0.3699E+01        0.0000E+00
        0.3706E+01        0.0000E+00
        0.3713E+01        0.0000E+00
        0.3720E+01        0.0000E+00
        0.3727E+01        0.0000E+00
        0.3734E+01        0.0000E+00
        0.3741E+01        0.0000E+00
        0.3748E+01        0.0000E+00
        0.3755E+01        0.0000E+00
        0.3762E+01        0.0000E+00
        0.3769E+01        0.0000E+00
        0.3776E+01        0.0000E+00
        0.3783E+01        0.0000E+00
        0.3790E+01        0.0000E+00
        0.3797E+01        0.0000E+00
        0.3804E+01        0.0000E+00
        0.3811E+01        0.0000E+00
        0.3818E+01        0.0000E+00
        0.3825E+01        0.0000E+00
        0.3832E+01        0.0000E+00
        0.3839E+01        0.0000E+00
        0.3846E+01        0.0000E+00
        0.3853E+01        0.0000E+00
        0.3860E+01        0.0000E+00
        0.3867E+01        0.0000E+00
        0.3874E+01        0.0000E+00
        0.3881E+01        0.0000E+00
        0.3888E+01        0.0000E+00
        0.3895E+01        0.0000E+00
        0.3902E+01        0.0000E+00
        0.3909E+01        0.0000E+00
        0.3916E+01        0.0000E+00
        0.3923E+01        0.0000E+00
        0.3930E+01        0.0000E+00
        0.3937E+01        0.0000E+00
        0.3944E+01        0.0000E+00
        0.3951E+01        0.0000E+00
        0.3958E+01        0.0000E+00
        0.3965E+01        0.0000E+00
        0.3972E+01        0.0000E+00
        0.3979E+01        0.0000E+00
        0.3986E+01        0.0000E+00
        0.3993E+01        0.0000E+00
        0.4000E+01        0.0000E+00
